[General]
RptAddress=127.0.0.1
RptPort=62032
LocalAddress=127.0.0.1
LocalPort=62031
RuleTrace=0
Daemon=0
Debug=0
RFTimeout=20
NetTimeout=6
Suffix=R
Primary=1

[Log]
DisplayLevel=0
FileLevel=1
FilePath=/var/log/mmdvm
FileRoot=DMRGateway

[Voice]
Enabled=1
Language=en_US
Directory=/usr/local/etc/DMR_Audio

[Info]
Enabled=0
RXFrequency=431850000
TXFrequency=439450000
Power=1
Latitude=49.875400
Longitude=11.023300
Height=0
Location="myCity"
Description="myCounty"
URL=www.YOUR_CALL.de

[XLX Network]
Enabled=0
Startup=493
File=/usr/local/etc/XLXHosts.txt
Port=62030
Password=passw0rd
ReloadTime=60
Slot=2
TG=6
Base=64000
Relink=60
Debug=0
Id=123456
UserControl=1
Module=E

[DMR Network 1]
Enabled=1
Address=2621.master.brandmeister.network
Port=62031
PassAllPC0=1
PassAllTG0=1
PassAllPC1=2
PassAllTG1=2
Password="passw0rd"
Id=123456
Debug=0
Location=1
Name=BM_2621_Germany
TGRewrite0=2,9,2,9,1
PCRewrite0=2,94000,2,4000,1001
TypeRewrite0=2,9990,2,9990
SrcRewrite0=2,4000,2,9,1001

[DMR Network 2]
Enabled=0
Address=usacentral.ddns.net
Port=62031
TGRewrite0=2,8,2,9,1
PCRewrite0=2,84000,2,4000,1001
Password="passw0rd"
Id=1234567
Debug=0
Location=0
Name=FreeDMR_USA-Central
PCRewrite1=1,8009990,1,9990,1
PCRewrite2=2,8009990,2,9990,1
PCRewrite3=1,8000001,1,1,999999
PCRewrite4=2,8000001,2,1,999999
TypeRewrite1=1,8009990,1,9990
TypeRewrite2=2,8009990,2,9990
TGRewrite1=1,8000001,1,1,999999
TGRewrite2=2,8000001,2,1,999999
SrcRewrite1=1,9990,1,8009990,1
SrcRewrite2=2,9990,2,8009990,1
SrcRewrite3=1,1,1,8000001,999999
SrcRewrite4=2,1,2,8000001,999999

[DMR Network 3]
Enabled=0
Name=HBLink
Address=1.2.3.4
Port=5555
TGRewrite=2,11,2,11,1
Password="PASSWORD"
Location=0
Debug=0
#Id=specific_id
TGRewrite0=2,11,2,11,1

[DMR Network 4]
Enabled=0
Address=tgif.network
Port=62031
PCRewrite0=1,4009990,1,9990,1
PCRewrite1=1,5009990,1,9990,1
TypeRewrite0=1,4009990,1,9990
TypeRewrite1=1,5009990,1,9990
TGRewrite0=1,4000001,1,1,999999
TGRewrite1=1,5000001,1,1,999999
SrcRewrite0=1,9990,1,4009990,1
SrcRewrite1=1,9990,1,5009990,1
SrcRewrite2=2,9990,2,5009990,1
SrcRewrite3=1,1,1,5000001,999999
Password="passw0rd"
Location=1
Name=TGIF_Network
Debug=0
#Id=specific_id
PCRewrite2=2,5009990,2,9990,1
TypeRewrite2=2,5009990,2,9990
TGRewrite2=2,5000001,2,1,999999
SrcRewrite4=2,1,2,5000001,999999

[GPSD]
Enable=0
Address=127.0.0.1
Port=2947

[APRS]
Enable=0
Address=127.0.0.1
Port=8673
Suffix=D
Description=APRS for DMRGateway
Symbol="Wi"

[Dynamic TG Control]
Enabled=1
Port=3769

[Remote Control]
Enable=1
Port=7643
Address=127.0.0.1

[DMR Network 5]
Location=0
Debug=0
Id=1234567
Address=usa.freestar.network
Password="passw0rd"
Port=62031
Name=SystemX_United_States
TGRewrite0=2,4,2,9,1
PCRewrite0=2,44000,2,4000,1001
PCRewrite1=1,4009990,1,9990,1
PCRewrite2=2,4009990,2,9990,1
PCRewrite3=1,4000001,1,1,999999
PCRewrite4=2,4000001,2,1,999999
TypeRewrite1=1,4009990,1,9990
TypeRewrite2=2,4009990,2,9990
TGRewrite1=1,4000001,1,1,999999
TGRewrite2=2,4000001,2,1,999999
SrcRewrite1=1,9990,1,4009990,1
SrcRewrite2=2,9990,2,4009990,1
SrcRewrite3=1,1,1,4000001,999999
SrcRewrite4=2,1,2,4000001,999999
Enabled=0

[DMR Network Custom]
Id=123456
Enabled=0
Location=0
Debug=0

